一个可行的结果:[0, 4, 7, 5, 2, 6, 1, 3]
一个可行的结果:[0, 5, 7, 2, 6, 3, 1, 4]
一个可行的结果:[0, 6, 3, 5, 7, 1, 4, 2]
一个可行的结果:[0, 6, 4, 7, 1, 3, 5, 2]
一个可行的结果:[1, 3, 5, 7, 2, 0, 6, 4]
一个可行的结果:[1, 4, 6, 3, 0, 7, 5, 2]
一个可行的结果:[1, 4, 6, 0, 2, 7, 5, 3]
一个可行的结果:[1, 5, 0, 6, 3, 7, 2, 4]
一个可行的结果:[1, 5, 7, 2, 0, 3, 6, 4]
一个可行的结果:[1, 6, 2, 5, 7, 4, 0, 3]
一个可行的结果:[1, 6, 4, 7, 0, 3, 5, 2]
一个可行的结果:[1, 7, 5, 0, 2, 4, 6, 3]
一个可行的结果:[2, 0, 6, 4, 7, 1, 3, 5]
一个可行的结果:[2, 4, 1, 7, 0, 6, 3, 5]
一个可行的结果:[2, 4, 1, 7, 5, 3, 6, 0]
一个可行的结果:[2, 4, 6, 0, 3, 1, 7, 5]
一个可行的结果:[2, 4, 7, 3, 0, 6, 1, 5]
一个可行的结果:[2, 5, 3, 0, 7, 4, 6, 1]
一个可行的结果:[2, 5, 3, 1, 7, 4, 6, 0]
一个可行的结果:[2, 5, 1, 4, 7, 0, 6, 3]
一个可行的结果:[2, 5, 1, 6, 4, 0, 7, 3]
一个可行的结果:[2, 5, 1, 6, 0, 3, 7, 4]
一个可行的结果:[2, 5, 7, 1, 3, 0, 6, 4]
一个可行的结果:[2, 5, 7, 0, 4, 6, 1, 3]
一个可行的结果:[2, 5, 7, 0, 3, 6, 4, 1]
一个可行的结果:[2, 6, 1, 7, 4, 0, 3, 5]
一个可行的结果:[2, 6, 1, 7, 5, 3, 0, 4]
一个可行的结果:[2, 7, 3, 6, 0, 5, 1, 4]
一个可行的结果:[3, 1, 4, 7, 5, 0, 2, 6]
一个可行的结果:[3, 1, 6, 4, 0, 7, 5, 2]
一个可行的结果:[3, 1, 6, 2, 5, 7, 0, 4]
一个可行的结果:[3, 1, 6, 2, 5, 7, 4, 0]
一个可行的结果:[3, 1, 7, 4, 6, 0, 2, 5]
一个可行的结果:[3, 1, 7, 5, 0, 2, 4, 6]
一个可行的结果:[3, 0, 4, 7, 5, 2, 6, 1]
一个可行的结果:[3, 0, 4, 7, 1, 6, 2, 5]
一个可行的结果:[3, 5, 0, 4, 1, 7, 2, 6]
一个可行的结果:[3, 5, 7, 1, 6, 0, 2, 4]
一个可行的结果:[3, 5, 7, 2, 0, 6, 4, 1]
一个可行的结果:[3, 6, 2, 7, 1, 4, 0, 5]
一个可行的结果:[3, 6, 0, 7, 4, 1, 5, 2]
一个可行的结果:[3, 6, 4, 2, 0, 5, 7, 1]
一个可行的结果:[3, 6, 4, 1, 5, 0, 2, 7]
一个可行的结果:[3, 7, 0, 2, 5, 1, 6, 4]
一个可行的结果:[3, 7, 0, 4, 6, 1, 5, 2]
一个可行的结果:[3, 7, 4, 2, 0, 6, 1, 5]
一个可行的结果:[4, 1, 3, 5, 7, 2, 0, 6]
一个可行的结果:[4, 1, 3, 6, 2, 7, 5, 0]
一个可行的结果:[4, 1, 5, 0, 6, 3, 7, 2]
一个可行的结果:[4, 1, 7, 0, 3, 6, 2, 5]
一个可行的结果:[4, 2, 0, 5, 7, 1, 3, 6]
一个可行的结果:[4, 2, 0, 6, 1, 7, 5, 3]
一个可行的结果:[4, 2, 7, 3, 6, 0, 5, 1]
一个可行的结果:[4, 0, 3, 5, 7, 1, 6, 2]
一个可行的结果:[4, 0, 7, 3, 1, 6, 2, 5]
一个可行的结果:[4, 0, 7, 5, 2, 6, 1, 3]
一个可行的结果:[4, 6, 3, 0, 2, 7, 5, 1]
一个可行的结果:[4, 6, 0, 3, 1, 7, 5, 2]
一个可行的结果:[4, 6, 0, 2, 7, 5, 3, 1]
一个可行的结果:[4, 6, 1, 3, 7, 0, 2, 5]
一个可行的结果:[4, 6, 1, 5, 2, 0, 3, 7]
一个可行的结果:[4, 6, 1, 5, 2, 0, 7, 3]
一个可行的结果:[4, 7, 3, 0, 2, 5, 1, 6]
一个可行的结果:[4, 7, 3, 0, 6, 1, 5, 2]
一个可行的结果:[5, 1, 6, 0, 3, 7, 4, 2]
一个可行的结果:[5, 1, 6, 0, 2, 4, 7, 3]
一个可行的结果:[5, 2, 4, 6, 0, 3, 1, 7]
一个可行的结果:[5, 2, 4, 7, 0, 3, 1, 6]
一个可行的结果:[5, 2, 0, 6, 4, 7, 1, 3]
一个可行的结果:[5, 2, 0, 7, 4, 1, 3, 6]
一个可行的结果:[5, 2, 0, 7, 3, 1, 6, 4]
一个可行的结果:[5, 2, 6, 3, 0, 7, 1, 4]
一个可行的结果:[5, 2, 6, 1, 3, 7, 0, 4]
一个可行的结果:[5, 2, 6, 1, 7, 4, 0, 3]
一个可行的结果:[5, 3, 1, 7, 4, 6, 0, 2]
一个可行的结果:[5, 3, 0, 4, 7, 1, 6, 2]
一个可行的结果:[5, 3, 6, 0, 2, 4, 1, 7]
一个可行的结果:[5, 3, 6, 0, 7, 1, 4, 2]
一个可行的结果:[5, 0, 4, 1, 7, 2, 6, 3]
一个可行的结果:[5, 7, 1, 3, 0, 6, 4, 2]
一个可行的结果:[6, 1, 3, 0, 7, 4, 2, 5]
一个可行的结果:[6, 1, 5, 2, 0, 3, 7, 4]
一个可行的结果:[6, 2, 0, 5, 7, 4, 1, 3]
一个可行的结果:[6, 2, 7, 1, 4, 0, 5, 3]
一个可行的结果:[6, 3, 1, 4, 7, 0, 2, 5]
一个可行的结果:[6, 3, 1, 7, 5, 0, 2, 4]
一个可行的结果:[6, 4, 2, 0, 5, 7, 1, 3]
一个可行的结果:[6, 0, 2, 7, 5, 3, 1, 4]
一个可行的结果:[7, 1, 3, 0, 6, 4, 2, 5]
一个可行的结果:[7, 1, 4, 2, 0, 6, 3, 5]
一个可行的结果:[7, 2, 0, 5, 1, 4, 6, 3]
一个可行的结果:[7, 3, 0, 2, 5, 1, 6, 4]
